thrust_N = [1.648381 21.818717];
thrust_g = thrust_N * 101.97162;